-,-,-
159.667969, 11.718750, 1048.828125
181.640625, 2.441406, 880.859375
159.667969, -32.958984, 951.171875
183.593750, 31.250000, 923.828125
176.757812, 13.671875, 1044.921875
146.484375, 4.882812, 1048.828125
198.242188, 22.949219, 939.453125
154.296875, -2.685547, 977.539062
122.070312, -6.591797, 974.609375
188.476562, 24.414062, 1020.507812
155.273438, 8.789062, 954.101562
142.089844, -27.099609, 975.585938
241.210938, 74.218750, 1001.953125
197.753906, 2.441406, 1007.812500
233.398438, -12.939453, 995.117188
219.726562, 6.835938, 1023.437500
97.656250, -56.396484, 1062.011719
-74.951172, 132.812500, 1142.089844
5.371094, -97.900391, 1002.929688
121.582031, -124.755859, 1055.175781
43.945312, -157.958984, 1169.921875
130.859375, 27.343750, 827.636719
165.039062, -161.865234, 1141.113281
167.480469, -128.662109, 1042.968750
270.019531, -104.248047, 941.406250
265.625000, -111.083984, 950.195312
213.378906, -136.962891, 912.597656
310.058594, -117.431641, 718.750000
265.625000, -219.970703, 1131.835938
292.968750, -152.099609, 690.429688
248.046875, -211.669922, 941.406250
312.500000, -171.630859, 832.519531
304.199219, -168.212891, 753.417969
268.066406, -180.419922, 889.648438
255.371094, -158.935547, 941.406250
272.460938, -135.498047, 900.390625
250.488281, -148.193359, 955.566406
225.585938, -155.029297, 1000.976562
215.820312, -141.845703, 942.382812
220.214844, -143.798828, 910.156250
134.277344, -230.224609, 923.828125
142.089844, -218.994141, 759.765625
119.628906, -248.779297, 879.882812
114.746094, -212.646484, 1003.906250
120.117188, -133.544922, 1132.812500
133.300781, -98.388672, 1260.742188
153.320312, -114.990234, 1432.617188
169.921875, -191.650391, 1250.976562
209.960938, -334.716797, 1261.718750
112.792969, -501.220703, 995.117188
120.605469, -618.896484, 978.515625
148.437500, -636.474609, 896.484375
218.750000, -632.568359, 711.914062
195.312500, -715.576172, 566.406250
222.167969, -723.388672, 477.539062
223.144531, -838.134766, 223.632812
214.355469, -878.662109, 106.445312
166.503906, -893.310547, -17.333984
156.738281, -993.896484, 28.320312
170.898438, -1014.404297, -38.818359
322.265625, -927.490234, 91.796875
374.511719, -907.470703, 301.757812
318.359375, -949.951172, 309.082031
363.769531, -850.341797, 425.781250
239.746094, -792.724609, 389.160156
235.351562, -690.185547, 393.554688
151.367188, -661.865234, 444.335938
121.093750, -598.388672, 531.250000
140.625000, -501.708984, 346.679688
137.695312, -429.443359, 659.179688
96.191406, -329.833984, 624.511719
84.960938, -197.021484, 561.523438
123.046875, -77.880859, 710.937500
-,-,-
-19.775391, -103.271484, 1068.359375
97.656250, -68.115234, 927.246094
36.132812, -95.947266, 964.843750
50.781250, -99.853516, 1062.011719
-6.103516, -123.291016, 1037.597656
32.226562, -109.130859, 972.656250
64.453125, -111.083984, 913.085938
34.179688, -119.384766, 1003.906250
29.296875, -132.568359, 1032.226562
56.152344, -121.826172, 979.492188
63.964844, -135.498047, 966.796875
88.867188, -54.443359, 980.957031
-,-,-
-38.330078, -114.990234, 837.890625
-23.681641, -85.693359, 956.054688
-113.037109, -107.177734, 1160.156250
-3.662109, -71.533203, 1000.000000
-36.865234, -105.224609, 956.054688
-51.513672, -98.876953, 980.468750
-48.095703, -101.318359, 991.699219
-44.677734, -106.201172, 980.468750
-34.423828, -109.130859, 980.468750
-43.701172, -105.224609, 1005.859375
-49.560547, -91.552734, 1028.320312
-33.447266, -99.365234, 976.562500
-32.470703, -86.669922, 1003.906250
-43.701172, -92.529297, 1011.718750
-45.654297, -113.037109, 976.562500
-23.681641, -95.947266, 989.257812
-62.744141, -95.458984, 998.046875
-62.744141, -96.923828, 1013.183594
-38.818359, -88.623047, 990.234375
-47.119141, -100.341797, 981.933594
-47.119141, -84.716797, 1026.367188
-53.466797, -97.900391, 1004.882812
-49.560547, -91.552734, 985.839844
-5.615234, -93.994141, 1079.101562
41.992188, 20.019531, 1229.492188
38.574219, -10.498047, 1257.812500
51.757812, -25.634766, 1392.578125
-48.095703, -138.427734, 1390.625000
-5.615234, -222.412109, 1111.328125
-81.787109, -418.701172, 956.054688
-125.244141, -558.349609, 840.820312
-43.701172, -622.314453, 467.285156
-3.662109, -725.341797, 645.996094
-53.466797, -808.349609, 289.062500
-30.517578, -901.123047, 195.312500
-33.447266, -904.052734, 56.640625
11.718750, -913.330078, 20.507812
24.902344, -951.904297, -163.818359
15.136719, -948.974609, -53.955078
93.261719, -876.708984, -189.208984
103.027344, -871.826172, -239.013672
117.675781, -804.443359, -134.033203
166.503906, -741.943359, -329.833984
125.000000, -724.365234, -360.595703
121.093750, -627.685547, -455.810547
87.402344, -590.576172, -643.310547
101.074219, -522.216797, -733.154297
116.699219, -442.138672, -807.373047
125.000000, -368.896484, -868.896484
163.085938, -272.216797, -993.896484
218.750000, -229.248047, -962.158203
233.398438, -153.076172, -993.896484
236.328125, -109.130859, -998.779297
250.976562, -81.787109, -1000.732422
196.777344, -72.509766, -1070.068359
159.667969, -65.185547, -1175.537109
199.218750, -57.373047, -1066.650391
106.445312, -104.248047, -1065.673828
148.437500, -30.029297, -1239.990234
158.691406, -53.466797, -1175.537109
322.265625, 22.949219, -1212.646484
250.976562, -59.326172, -1069.091797
350.585938, -140.869141, -1050.537109
336.425781, -202.880859, -976.318359
-,-,-
727.539062, -578.369141, -147.216797
680.664062, -625.732422, -67.138672
775.878906, -603.271484, -70.068359
691.894531, -634.521484, 70.800781
743.164062, -601.806641, -32.958984
629.394531, -646.240234, -12.451172
791.015625, -590.576172, -119.873047
778.808594, -566.162109, 77.636719
824.218750, -561.279297, -52.001953
863.769531, -478.271484, -48.583984
865.234375, -409.912109, 0.488281
930.175781, -310.302734, -51.025391
912.597656, -261.474609, 36.132812
942.382812, -223.388672, 83.984375
933.593750, -289.794922, 120.117188
906.738281, -291.748047, 230.468750
890.136719, -296.630859, 268.554688
980.957031, -264.892578, 271.484375
856.933594, -338.134766, 235.839844
1000.488281, -337.158203, 219.726562
662.109375, -419.677734, 607.421875
1089.843750, -338.134766, 458.007812
821.777344, -401.611328, 383.300781
334.472656, -426.513672, 876.953125
996.582031, -214.599609, 509.765625
147.949219, -346.435547, 1067.871094
934.082031, -93.505859, 607.421875
689.453125, -234.130859, 769.531250
558.593750, -233.154297, 916.992188
621.093750, -180.419922, 792.968750
650.878906, -132.568359, 715.820312
194.335938, -305.419922, 918.945312
777.832031, -61.279297, 617.187500
147.460938, -221.435547, 1072.265625
139.648438, -285.400391, 1062.988281
431.640625, -61.279297, 851.562500
-371.337891, -271.240234, 1496.093750
195.312500, -6.591797, 1113.281250
2.929688, -140.869141, 1075.195312
-535.888672, -406.005859, 1245.605469
-256.591797, -297.607422, 1152.343750
-204.833984, -431.884766, 952.148438
-192.626953, -518.310547, 884.765625
-77.880859, -544.677734, 709.960938
-134.033203, -648.681641, 656.250000
-90.576172, -756.591797, 682.617188
48.828125, -685.302734, 335.449219
-84.716797, -900.146484, 214.843750
-194.091797, -925.537109, 73.242188
-50.537109, -865.966797, 186.523438
-53.955078, -806.396484, 469.726562
-109.619141, -825.927734, 522.460938
5.859375, -739.013672, 645.507812
16.113281, -727.294922, 718.750000
19.531250, -712.646484, 927.246094
-14.404297, -739.013672, 896.484375
91.796875, -699.951172, 952.148438
35.156250, -715.576172, 1170.410156
60.058594, -690.185547, 1002.929688
0.488281, -648.681641, 905.273438
24.902344, -589.599609, 822.265625
57.128906, -613.037109, 759.765625
94.726562, -670.166016, 717.773438
-84.716797, -841.064453, 819.335938
18.554688, -891.845703, 666.992188
-108.154297, -1137.451172, 595.214844
-181.396484, -1235.107422, 371.093750
-295.166016, -1314.208984, 434.570312
-358.642578, -1262.451172, 269.531250
-459.228516, -1216.552734, -39.794922
-588.134766, -1172.607422, -379.638672
-602.294922, -1042.724609, -507.568359
-611.572266, -823.974609, -452.880859
-372.314453, -550.048828, -274.169922
-111.572266, -384.521484, -296.630859
69.335938, -275.146484, -242.919922
-32.470703, -256.591797, -35.888672
-40.283203, -220.458984, 162.597656
-73.974609, -54.443359, -79.345703
-329.833984, -54.443359, 645.019531
-88.134766, 131.835938, 675.292969
270.019531, 435.546875, 1341.796875
464.843750, 249.023438, 1714.355469
260.253906, 77.636719, 1767.089844
504.882812, 8.789062, 1999.755859
248.535156, -200.927734, 1749.023438
204.589844, -283.935547, 1596.679688
145.019531, -323.974609, 1312.500000
-11.962891, -607.177734, 983.398438
-219.482422, -788.330078, 651.855469
-613.525391, -1107.177734, 376.953125
-620.361328, -1110.107422, 418.457031
-196.044922, -787.841797, 595.214844
-45.654297, -654.052734, 672.363281
130.859375, -487.548828, 799.316406
229.492188, -477.294922, 879.882812
202.148438, -477.783203, 837.890625
32.226562, -639.404297, 714.843750
-156.005859, -724.365234, 727.050781
-38.330078, -683.349609, 723.144531
19.531250, -726.318359, 827.148438
178.710938, -713.623047, 1003.906250
143.554688, -881.591797, 1034.667969
-107.666016, -939.697266, 1030.273438
-226.318359, -877.685547, 751.464844
-132.568359, -671.142578, 849.609375
-70.068359, -461.669922, 587.890625
-6.591797, -184.326172, 823.730469
43.457031, -130.615234, 1548.828125
5.371094, -55.419922, 941.406250
177.246094, 67.382812, 1031.250000
270.019531, 197.265625, 887.207031
111.816406, 230.468750, 583.984375
51.757812, 246.093750, 366.699219
50.781250, 236.328125, 193.359375
16.601562, 54.687500, 619.140625
-299.560547, -337.158203, 689.453125
-437.744141, -569.091797, 1134.765625
-897.216797, -912.353516, 1122.070312
-918.701172, -928.466797, 1232.421875
-675.537109, -936.279297, 1117.675781
-601.318359, -891.845703, 818.359375
-624.755859, -853.271484, 724.609375
-707.763672, -797.119141, 541.015625
-800.537109, -774.169922, 436.523438
-982.177734, -730.224609, 657.226562
-872.314453, -503.173828, 727.050781
-491.943359, -41.259766, 967.773438
-179.443359, 156.250000, 1030.273438
47.363281, 373.046875, 1116.699219
193.359375, 326.171875, 1053.710938
-109.130859, 114.257812, 1078.125000
63.476562, 201.171875, 1222.656250
62.011719, 145.507812, 1067.382812
-105.224609, 49.316406, 987.792969
-99.365234, -31.982422, 1052.734375
-248.779297, -161.865234, 912.109375
-320.556641, -178.466797, 1008.789062
-216.552734, -146.240234, 997.070312
-218.505859, -51.513672, 971.679688
-158.447266, 169.433594, 1200.195312
-94.970703, 197.265625, 974.609375
-33.447266, 195.312500, 967.773438
-59.326172, 42.968750, 1062.500000
-217.529297, -142.822266, 1052.734375
-200.439453, -242.919922, 1005.859375
-412.353516, -339.111328, 990.234375
-505.615234, -542.724609, 863.281250
-387.451172, -461.669922, 868.164062
-464.111328, -543.701172, 820.312500
-601.806641, -695.068359, 806.640625
-683.837891, -753.662109, 851.562500
-761.474609, -777.099609, 871.093750
-775.146484, -757.568359, 809.570312
-627.197266, -656.982422, 815.429688
-487.060547, -548.583984, 831.542969
-347.412109, -454.345703, 908.691406
-291.748047, -410.888672, 983.398438
-211.669922, -308.349609, 985.839844
-80.322266, -166.259766, 861.816406
66.406250, -10.498047, 699.707031
171.875000, 98.144531, 701.660156
215.332031, 193.847656, 904.785156
43.945312, 49.316406, 1017.089844
0.976562, 32.226562, 1012.207031
52.734375, 81.054688, 955.078125
7.324219, -30.029297, 839.843750
24.902344, -50.048828, 774.414062
-52.490234, -44.677734, 798.339844
-71.533203, -145.263672, 802.246094
-68.115234, -174.560547, 856.933594
8.300781, -304.443359, 979.492188
-97.900391, -341.552734, 947.265625
-298.583984, -418.701172, 1002.929688
-546.142578, -499.755859, 1040.527344
-602.783203, -519.287109, 1023.437500
-590.576172, -558.349609, 966.308594
-593.505859, -585.693359, 852.539062
-559.326172, -577.392578, 789.062500
-509.521484, -524.169922, 906.738281
-489.013672, -491.943359, 817.382812
-521.240234, -488.525391, 723.632812
-602.294922, -478.759766, 730.468750
-580.322266, -390.380859, 869.140625
-561.279297, -302.490234, 861.328125
-487.060547, -160.888672, 956.054688
-322.998047, -10.498047, 1001.953125
-151.611328, 87.890625, 900.390625
-39.306641, 171.875000, 1009.765625
-143.798828, 140.625000, 1105.468750
-141.357422, 125.976562, 1128.906250
-137.451172, 135.742188, 1103.515625
-164.794922, 89.843750, 1088.378906
-200.439453, 80.078125, 1029.296875
-236.083984, -1.708984, 1034.667969
-288.330078, -67.138672, 949.218750
-387.939453, -142.333984, 943.359375
-404.052734, -178.466797, 918.945312
-332.275391, -163.818359, 852.539062
-307.373047, -190.185547, 919.921875
-334.716797, -250.732422, 952.148438
-331.298828, -240.966797, 973.632812
-358.154297, -296.630859, 987.792969
-391.845703, -334.716797, 989.257812
-362.548828, -358.154297, 949.218750
-397.705078, -384.033203, 837.890625
-423.095703, -417.724609, 832.519531
-431.396484, -404.052734, 784.179688
-427.001953, -379.638672, 724.609375
-398.681641, -334.716797, 785.156250
-357.177734, -264.404297, 824.218750
